2 0 4 6 
0 1 2 3 
6 2 4 0 
30012001 30022002 3 2 
2 2 4 4 
30013003 30023004 30012001 3 
0 4 6 2 
30033005 30043006 30012001 3 
2 0 3 6 
30013005 30023006 30043006 30012001 
2 2 4 4 
30033007 30043008 30043006 30012001 
3 5 0 4 
30053009 30063010 30043006 30012001 
2 6 4 0 
30013011 30023012 30063010 30012001 
6 0 2 4 
30033001 30043002 30063010 30023012 
3 4 4 1 
30013003 30023004 30033001 30023012 
3 2 1 6 
30033001 30043002 30033001 30023004 
4 4 1 3 
30013003 30023004 30033001 30023004 
3 2 4 3 
30013001 30023002 30023004 30013003 
3 0 3 5 
30033003 30043004 30023004 30013003 
4 1 3 3 
30053005 30063006 30023004 30013003 
6 4 2 0 
30013007 30023008 30053005 30013003 
